image_width: 1440
image_height: 1080
camera_name: head_camera
camera_matrix:
  rows: 3
  cols: 3
  data: [2407.861646, 0.000000, 742.256353, 0.000000, 2406.759846, 586.115819, 0.000000, 0.000000, 1.000000]
distortion_model: plumb_bob
distortion_coefficients:
  rows: 1
  cols: 5
  data: [-0.111075, 0.461242, 0.005071, -0.003659, 0.000000]
rectification_matrix:
  rows: 3
  cols: 3
  data: [1.000000, 0.000000, 0.000000, 0.000000, 1.000000, 0.000000, 0.000000, 0.000000, 1.000000]
projection_matrix:
  rows: 3
  cols: 4
  data: [2397.389648, 0.000000, 739.468153, 0.000000, 0.000000, 2396.678467, 588.760049, 0.000000, 0.000000, 0.000000, 1.000000, 0.000000]
